335
879
4800
6442
7179
7735
7784
7858
7984
12827
16114
16386
16744
17571
18606
20494
20770
25342
30897
32500
33371
36351
37950
40020
40861
41130
41383
46600
46715
47525
47885
50411
50596
57300
58067
59893
60646
61135
61680
62533
64167
64220
66459
66825
71971
72439
73157
74043
74537
77638
77989
78826
78982
79457
79675
79964
80410
85611
87143
88007
90285
94074
94901
97480
101869
103778
103863
104179
105134
105277
109262
114475
117295
118113
122629
126058
126202
128279
132120
132280
132611
134750
139554
140360
146567
146728
148114
148537
148987
149005
149166
149360
149496
149588
151725
154771
158199
158211
158239
158243
158251
158252
158761
159178
159188
159292
159690
160179
161419
161942
165124
167029
168857
169188
170052
171555
171756
174177
179207
184184
185791
187104
187113
187217
189439
189747
189975
189984
190050
190735
193017
197445
198234
200936
202293
202452
202556
202609
203990
204310
204313
205052
205661
205766
206776
213207
213784
214770
217958
226317
228301
228312
228362
230291
230620
237788
237902
240111
241680
242708
244889
247031
248146
251918
252824
253380
253630
255070
255113
256144
258783
263079
264923
267876
268211
271149
271150
271623
272844
273360
273481
274156
278674
278782
278879
279333
285328
285739
287533
288013
288184
288394
288914
289727
293816
298034
298907
299342
302162
302761
303188
305832
309531
312126
312128
314526
316279
316666
318567
319131
319274
319292
319689
320730
320872
320950
321006
321650
323317
324907
325778
326905
327101
327411
327464
327640
327704
331542
331550
331653
331864
335967
336260
336341
336949
337422
337572
337766
337838
338148
338397
338915
339272
339942
340740
342703
342996
344094
344919
345242
346251
347066
347070
347073
347075
347101
347107
347114
347122
347287
347307
347319
347440
347599
347608
347611
347859
347861
347863
347864
347865
347866
347982
347986
347994
347995
348385
350985
351000
353391
353688
354018
355002
355371
357121
357166
357486
358192
361549
364888
365988
368363
370089
370720
370727
372584
372587
372588
372627
372786
372924
372938
372965
373037
373522
374541
374710
375409
379032
380363
380763
383129
383510
383755
384714
386234
388183
390163
392628
393579
395059
395814
396035
398435
399078
401372
402830
404328
407097
407957
408729
408745
408787
408956
412592
413295
414176
414865
415726
415778
417222
420067
420651
421797
424105
425290
427370
428628
430385
434439
435886
441390
442263
446096
446266
449456
449551
453145
454278
455187
459931
460009
460483
463736
466778
468253
468315
471424
475586
476308
477667
478374
478402
483971
485640
487315
489533
492615
492804
492805
492882
492901
492927
492956
493646
494417
495727
500035
500616
500757
500899
502721
503285
506190
506296
507992
510509
511137
511530
512214
515878
516237
517620
519277
520955
521015
521619
522636
522896
522907
523083
523099
523108
523336
523534
523588
523734
523978
526341
528679
530004
530919
533038
533269
533577
533626
534103
536038
537436
537711
538381
539648
544292
547726
550196
555370
556149
556668
556685
556836
557525
557649
559490
564409
565516
566549
569662
572185
573000
573277
574429
574547
574553
574690
574801
576792
576974
577123
579082
579553
579600
579656
581316
583731
586092
588589
592161
592485
593024
594714
594813
595390
595768
598398
598486
602099
603790
608320
613304
616793
617378
617399
618219
618779
619842
620073
622074
622701
623482
623764
623864
624727
624967
626011
626024
629863
629867
629869
629887
629890
629896
629903
630320
630591
635601
635681
636261
639026
642777
644421
646563
646566
647981
648033
649238
652093
652150
654624
656352
656739
656940
659431
660092
661140
661146
661182
661249
665311
665804
667223
669023
669777
669982
670105
672127
672199
672202
672208
676940
677804
678127
678356
678389
678587
680768
682157
682159
683514
685497
685938
689441
690307
690557
692922
694325
698150
700923
701008
702043
702062
702065
702995
703023
708091
708449
708711
709707
710540
711196
713412
716576
723010
726005
728099
729103
730821
731965
733180
737306
737408
737604
741814
749637
751545
752228
753114
754782
756378
757546
759473
760092
760654
763091
764565
765412
765624
765754
767836
767865
769362
770263
772693
772846
773077
773095
773451
773452
773509
773616
774093
774468
774837
780161
780489
783383
786390
788878
789123
789580
790411
790865
795035
796327
796653
796951
797293
799813
800408
800465
800467
800471
800479
800482
802097
802103
802253
803701
804606
806141
806382
807127
807740
808473
809191
810849
810902
811045
811414
811677
811755
812041
812118
813286
814659
816334
816515
818450
821838
824802
824949
824951
828664
829005
829342
829784
831448
833897
835381
837007
837593
838191
842025
842754
847022
847417
853068
855931
857475
857745
858699
860290
861444
868460
868611
870008
870567
870614
873623
874029
877696
882985
884160
884257
885241
885619
887827
887828
890025
890034
891142
895038
895385
895949
902685
905981
906839
906890
910875
912558
912662
912736
915263
916096
919281
919343
921107
923459
928068
929056
929595
930742
931797
931963
934094
934245
934504
938718
940318
941107
942170
943250
947454
947848
947888
948356
948549
951268
951471
951662
952678
954463
954483
955792
956156
957050
958633
958634
960429
960622
964890
965741
967052
969975
970459
970668
970748
971046
971295
971721
975713
975716
977748
977836
978017
978394
979342
979654
984411
988909
991483
991989
991990
992700
992701
994294
997421
997650
997723
997962
998962
1000800
1005969
1006132
1006133
1006579
1007806
1012336
1013897
1015741
1019174
1019245
1019533
1023799
1027165
1027280
1030740
1032111
1033182
1035050
1036215
1038686
1039646
1040219
1041238
1041554
1042493
1042699
1043283
1043658
1045883
1046516
1048679
1049102
1049470
1049482
1049555
1050148
1050151
1050160
1050272
1050317
1050379
1050476
1051709
1051835
1051836
1051880
1051884
1051964
1052357
1052860
1052998
1053193
1053235
1053316
1053515
1053524
1053670
1054096
1054110
1054497
1054500
1054515
1054819
1054918
1055657
1056555
1056588
1056606
1056644
1056742
1056888
1057017
1057039
1057180
1057345
1057488
1057502
1057702
1057755
1057783
1059175
1059397
1059430
1059565
1059625
1061978
1062344
1062686
1063616
1063936
1064476
1065997
1068746
1069262
1072369
1079780
1080025
1081533
1084158
1085515
1086420
1092078
1092977
1093289
1095496
1101481
1102144
1103847
1104068
1105618
1106499
1110462
1115372
1118505
1127473
1128515
1130654
1131855
1132903
1138216
